86
288 292
1074 787
1074 830
1074 1198
1074 2707
1074 2587
1074 2910
1074 3032
1074 2180
1074 2914
1074 2649
1074 3017
2433 2645
1739 2181
787 830
1198 787
1198 830
1198 2707
1198 2587
1198 2910
1198 3032
1198 2180
1198 2914
1198 2649
1198 3017
2707 787
2707 830
2707 2910
2707 3032
2707 2914
2707 3017
2931 2969
2587 787
2587 830
2587 2707
2587 2910
2587 3032
2587 2914
2587 2649
2587 3017
2801 2969
2801 2931
2801 2867
2801 2868
2910 787
2910 830
2910 3032
2910 2914
2910 3017
3032 787
3032 830
2180 787
2180 830
2180 2707
2180 2587
2180 2910
2180 3032
2180 2914
2180 2649
2180 3017
2914 787
2914 830
2914 3032
2914 3017
2867 2969
2867 2931
2867 2868
2226 2969
2226 2931
2226 2801
2226 2867
2226 2868
2868 2969
2868 2931
2577 351
2649 787
2649 830
2649 2707
2649 2910
2649 3032
2649 2914
2649 3017
2840 2887
3017 787
3017 830
3017 3032